
     Program PWSCF v.7.3.1 starts on 17Jun2025 at 11:40:33 

     This program is part of the open-source Quantum ESPRESSO suite
     for quantum simulation of materials; please cite
         "P. Giannozzi et al., J. Phys.:Condens. Matter 21 395502 (2009);
         "P. Giannozzi et al., J. Phys.:Condens. Matter 29 465901 (2017);
         "P. Giannozzi et al., J. Chem. Phys. 152 154105 (2020);
          URL http://www.quantum-espresso.org", 
     in publications or presentations arising from this work. More details at
     http://www.quantum-espresso.org/quote

     Parallel version (MPI & OpenMP), running on      96 processor cores
     Number of MPI processes:                 1
     Threads/MPI process:                    96

     MPI processes distributed on     1 nodes
     122512 MiB available memory on the printing compute node when the environment starts
 
     Waiting for input...
     Reading input from standard input
Warning: card &IONS ignored
Warning: card     ION_DYNAMICS = 'BFGS' ignored
Warning: card /&END ignored

     Current dimensions of program PWSCF are:
     Max number of different atomic species (ntypx) = 10
     Max number of k-points (npk) =  40000
     Max angular momentum in pseudopotentials (lmaxx) =  4

     Atomic positions and unit cell read from directory:
     sweeps/HEX_4/HEX_01.save/
 
 
     Subspace diagonalization in iterative solution of the eigenvalue problem:
     a serial algorithm will be used

 
     G-vector sticks info
     --------------------
     sticks:   dense  smooth     PW     G-vecs:    dense   smooth      PW
     Sum         211     211     73                 5189     5189    1017
 
     Using Slab Decomposition
 


     bravais-lattice index     =            4
     lattice parameter (alat)  =       3.1416  a.u.
     unit-cell volume          =      53.7044 (a.u.)^3
     number of atoms/cell      =            1
     number of atomic types    =            1
     number of electrons       =         4.00
     number of Kohn-Sham states=            6
     kinetic-energy cutoff     =      80.0000  Ry
     charge density cutoff     =     320.0000  Ry
     Exchange-correlation= PBE
                           (   1   4   3   4   0   0   0)

     celldm(1)=   3.141593  celldm(2)=   0.000000  celldm(3)=   2.000000
     celldm(4)=   0.000000  celldm(5)=   0.000000  celldm(6)=   0.000000

     crystal axes: (cart. coord. in units of alat)
               a(1) = (   1.000000   0.000000   0.000000 )  
               a(2) = (  -0.500000   0.866025   0.000000 )  
               a(3) = (   0.000000   0.000000   2.000000 )  

     reciprocal axes: (cart. coord. in units 2 pi/alat)
               b(1) = (  1.000000  0.577350  0.000000 )  
               b(2) = (  0.000000  1.154701  0.000000 )  
               b(3) = (  0.000000  0.000000  0.500000 )  


     PseudoPot. # 1 for C  read from file:
     ./C_ONCV_PBE_sr.upf
     MD5 check sum: b68b6074392897e22e8b22f1bd7aa93e
     Pseudo is Norm-conserving, Zval =  4.0
     Generated using ONCVPSP code by D. R. Hamann
     Using radial grid of 1248 points,  4 beta functions with: 
                l(1) =   0
                l(2) =   0
                l(3) =   1
                l(4) =   1

     atomic species   valence    mass     pseudopotential
     C                 4.00    10.81100     C ( 1.00)

     24 Sym. Ops., with inversion, found


                                    s                        frac. trans.

      isym =  1     identity                                     

 cryst.   s( 1) = (     1          0          0      )
                  (     0          1          0      )
                  (     0          0          1      )

 cart.    s( 1) = (  1.0000000  0.0000000  0.0000000 )
                  (  0.0000000  1.0000000  0.0000000 )
                  (  0.0000000  0.0000000  1.0000000 )


      isym =  2     180 deg rotation - cart. axis [0,0,1]        

 cryst.   s( 2) = (    -1          0          0      )
                  (     0         -1          0      )
                  (     0          0          1      )

 cart.    s( 2) = ( -1.0000000  0.0000000  0.0000000 )
                  (  0.0000000 -1.0000000  0.0000000 )
                  (  0.0000000  0.0000000  1.0000000 )


      isym =  3     180 deg rotation - cart. axis [0,1,0]        

 cryst.   s( 3) = (    -1          0          0      )
                  (     1          1          0      )
                  (     0          0         -1      )

 cart.    s( 3) = ( -1.0000000 -0.0000000  0.0000000 )
                  (  0.0000000  1.0000000  0.0000000 )
                  (  0.0000000  0.0000000 -1.0000000 )


      isym =  4     180 deg rotation - cart. axis [1,0,0]        

 cryst.   s( 4) = (     1          0          0      )
                  (    -1         -1          0      )
                  (     0          0         -1      )

 cart.    s( 4) = (  1.0000000  0.0000000  0.0000000 )
                  (  0.0000000 -1.0000000  0.0000000 )
                  (  0.0000000  0.0000000 -1.0000000 )


      isym =  5      60 deg rotation - cryst. axis [0,0,1]       

 cryst.   s( 5) = (     1          1          0      )
                  (    -1          0          0      )
                  (     0          0          1      )

 cart.    s( 5) = (  0.5000000 -0.8660254  0.0000000 )
                  (  0.8660254  0.5000000  0.0000000 )
                  (  0.0000000  0.0000000  1.0000000 )


      isym =  6      60 deg rotation - cryst. axis [0,0,-1]      

 cryst.   s( 6) = (     0         -1          0      )
                  (     1          1          0      )
                  (     0          0          1      )

 cart.    s( 6) = (  0.5000000  0.8660254  0.0000000 )
                  ( -0.8660254  0.5000000  0.0000000 )
                  (  0.0000000  0.0000000  1.0000000 )


      isym =  7     120 deg rotation - cryst. axis [0,0,1]       

 cryst.   s( 7) = (     0          1          0      )
                  (    -1         -1          0      )
                  (     0          0          1      )

 cart.    s( 7) = ( -0.5000000 -0.8660254  0.0000000 )
                  (  0.8660254 -0.5000000  0.0000000 )
                  (  0.0000000  0.0000000  1.0000000 )


      isym =  8     120 deg rotation - cryst. axis [0,0,-1]      

 cryst.   s( 8) = (    -1         -1          0      )
                  (     1          0          0      )
                  (     0          0          1      )

 cart.    s( 8) = ( -0.5000000  0.8660254  0.0000000 )
                  ( -0.8660254 -0.5000000  0.0000000 )
                  (  0.0000000  0.0000000  1.0000000 )


      isym =  9     180 deg rotation - cryst. axis [1,-1,0]      

 cryst.   s( 9) = (     0         -1          0      )
                  (    -1          0          0      )
                  (     0          0         -1      )

 cart.    s( 9) = (  0.5000000 -0.8660254  0.0000000 )
                  ( -0.8660254 -0.5000000  0.0000000 )
                  (  0.0000000  0.0000000 -1.0000000 )


      isym = 10     180 deg rotation - cryst. axis [2,1,0]       

 cryst.   s(10) = (     1          1          0      )
                  (     0         -1          0      )
                  (     0          0         -1      )

 cart.    s(10) = (  0.5000000  0.8660254  0.0000000 )
                  (  0.8660254 -0.5000000  0.0000000 )
                  (  0.0000000  0.0000000 -1.0000000 )


      isym = 11     180 deg rotation - cryst. axis [0,1,0]       

 cryst.   s(11) = (    -1         -1          0      )
                  (     0          1          0      )
                  (     0          0         -1      )

 cart.    s(11) = ( -0.5000000 -0.8660254  0.0000000 )
                  ( -0.8660254  0.5000000  0.0000000 )
                  (  0.0000000  0.0000000 -1.0000000 )


      isym = 12     180 deg rotation - cryst. axis [1,1,0]       

 cryst.   s(12) = (     0          1          0      )
                  (     1          0          0      )
                  (     0          0         -1      )

 cart.    s(12) = ( -0.5000000  0.8660254  0.0000000 )
                  (  0.8660254  0.5000000  0.0000000 )
                  (  0.0000000  0.0000000 -1.0000000 )


      isym = 13     inversion                                    

 cryst.   s(13) = (    -1          0          0      )
                  (     0         -1          0      )
                  (     0          0         -1      )

 cart.    s(13) = ( -1.0000000  0.0000000  0.0000000 )
                  (  0.0000000 -1.0000000  0.0000000 )
                  (  0.0000000  0.0000000 -1.0000000 )


      isym = 14     inv. 180 deg rotation - cart. axis [0,0,1]   

 cryst.   s(14) = (     1          0          0      )
                  (     0          1          0      )
                  (     0          0         -1      )

 cart.    s(14) = (  1.0000000  0.0000000  0.0000000 )
                  (  0.0000000  1.0000000  0.0000000 )
                  (  0.0000000  0.0000000 -1.0000000 )


      isym = 15     inv. 180 deg rotation - cart. axis [0,1,0]   

 cryst.   s(15) = (     1          0          0      )
                  (    -1         -1          0      )
                  (     0          0          1      )

 cart.    s(15) = (  1.0000000  0.0000000  0.0000000 )
                  (  0.0000000 -1.0000000  0.0000000 )
                  (  0.0000000  0.0000000  1.0000000 )


      isym = 16     inv. 180 deg rotation - cart. axis [1,0,0]   

 cryst.   s(16) = (    -1          0          0      )
                  (     1          1          0      )
                  (     0          0          1      )

 cart.    s(16) = ( -1.0000000 -0.0000000  0.0000000 )
                  (  0.0000000  1.0000000  0.0000000 )
                  (  0.0000000  0.0000000  1.0000000 )


      isym = 17     inv.  60 deg rotation - cryst. axis [0,0,1]  

 cryst.   s(17) = (    -1         -1          0      )
                  (     1          0          0      )
                  (     0          0         -1      )

 cart.    s(17) = ( -0.5000000  0.8660254  0.0000000 )
                  ( -0.8660254 -0.5000000  0.0000000 )
                  (  0.0000000  0.0000000 -1.0000000 )


      isym = 18     inv.  60 deg rotation - cryst. axis [0,0,-1] 

 cryst.   s(18) = (     0          1          0      )
                  (    -1         -1          0      )
                  (     0          0         -1      )

 cart.    s(18) = ( -0.5000000 -0.8660254  0.0000000 )
                  (  0.8660254 -0.5000000  0.0000000 )
                  (  0.0000000  0.0000000 -1.0000000 )


      isym = 19     inv. 120 deg rotation - cryst. axis [0,0,1]  

 cryst.   s(19) = (     0         -1          0      )
                  (     1          1          0      )
                  (     0          0         -1      )

 cart.    s(19) = (  0.5000000  0.8660254  0.0000000 )
                  ( -0.8660254  0.5000000  0.0000000 )
                  (  0.0000000  0.0000000 -1.0000000 )


      isym = 20     inv. 120 deg rotation - cryst. axis [0,0,-1] 

 cryst.   s(20) = (     1          1          0      )
                  (    -1          0          0      )
                  (     0          0         -1      )

 cart.    s(20) = (  0.5000000 -0.8660254  0.0000000 )
                  (  0.8660254  0.5000000  0.0000000 )
                  (  0.0000000  0.0000000 -1.0000000 )


      isym = 21     inv. 180 deg rotation - cryst. axis [1,-1,0] 

 cryst.   s(21) = (     0          1          0      )
                  (     1          0          0      )
                  (     0          0          1      )

 cart.    s(21) = ( -0.5000000  0.8660254  0.0000000 )
                  (  0.8660254  0.5000000  0.0000000 )
                  (  0.0000000  0.0000000  1.0000000 )


      isym = 22     inv. 180 deg rotation - cryst. axis [2,1,0]  

 cryst.   s(22) = (    -1         -1          0      )
                  (     0          1          0      )
                  (     0          0          1      )

 cart.    s(22) = ( -0.5000000 -0.8660254  0.0000000 )
                  ( -0.8660254  0.5000000  0.0000000 )
                  (  0.0000000  0.0000000  1.0000000 )


      isym = 23     inv. 180 deg rotation - cryst. axis [0,1,0]  

 cryst.   s(23) = (     1          1          0      )
                  (     0         -1          0      )
                  (     0          0          1      )

 cart.    s(23) = (  0.5000000  0.8660254  0.0000000 )
                  (  0.8660254 -0.5000000  0.0000000 )
                  (  0.0000000  0.0000000  1.0000000 )


      isym = 24     inv. 180 deg rotation - cryst. axis [1,1,0]  

 cryst.   s(24) = (     0         -1          0      )
                  (    -1          0          0      )
                  (     0          0          1      )

 cart.    s(24) = (  0.5000000 -0.8660254  0.0000000 )
                  ( -0.8660254 -0.5000000  0.0000000 )
                  (  0.0000000  0.0000000  1.0000000 )


     point group D_6h(6/mmm)
     there are 12 classes
     the character table:

       E     2C6   2C3   C2    3C2'  3C2'' i     2S3   2S6   s_h   3s_d  3s_v 
A_1g   1.00  1.00  1.00  1.00  1.00  1.00  1.00  1.00  1.00  1.00  1.00  1.00
A_2g   1.00  1.00  1.00  1.00 -1.00 -1.00  1.00  1.00  1.00  1.00 -1.00 -1.00
B_1g   1.00 -1.00  1.00 -1.00  1.00 -1.00  1.00 -1.00  1.00 -1.00  1.00 -1.00
B_2g   1.00 -1.00  1.00 -1.00 -1.00  1.00  1.00 -1.00  1.00 -1.00 -1.00  1.00
E_1g   2.00  1.00 -1.00 -2.00  0.00  0.00  2.00  1.00 -1.00 -2.00  0.00  0.00
E_2g   2.00 -1.00 -1.00  2.00  0.00  0.00  2.00 -1.00 -1.00  2.00  0.00  0.00
A_1u   1.00  1.00  1.00  1.00  1.00  1.00 -1.00 -1.00 -1.00 -1.00 -1.00 -1.00
A_2u   1.00  1.00  1.00  1.00 -1.00 -1.00 -1.00 -1.00 -1.00 -1.00  1.00  1.00
B_1u   1.00 -1.00  1.00 -1.00  1.00 -1.00 -1.00  1.00 -1.00  1.00 -1.00  1.00
B_2u   1.00 -1.00  1.00 -1.00 -1.00  1.00 -1.00  1.00 -1.00  1.00  1.00 -1.00
E_1u   2.00  1.00 -1.00 -2.00  0.00  0.00 -2.00 -1.00  1.00  2.00  0.00  0.00
E_2u   2.00 -1.00 -1.00  2.00  0.00  0.00 -2.00  1.00  1.00 -2.00  0.00  0.00

     the symmetry operations in each class and the name of the first element:

     E        1
          identity                                               
     2C6      5    6
           60 deg rotation - cryst. axis [0,0,1]                 
     2C3      7    8
          120 deg rotation - cryst. axis [0,0,1]                 
     C2       2
          180 deg rotation - cart. axis [0,0,1]                  
     3C2'     4   12   11
          180 deg rotation - cart. axis [1,0,0]                  
     3C2''    3    9   10
          180 deg rotation - cart. axis [0,1,0]                  
     i       13
          inversion                                              
     2S3     17   18
          inv.  60 deg rotation - cryst. axis [0,0,1]            
     2S6     19   20
          inv. 120 deg rotation - cryst. axis [0,0,1]            
     s_h     14
          inv. 180 deg rotation - cart. axis [0,0,1]             
     3s_d    16   24   23
          inv. 180 deg rotation - cart. axis [1,0,0]             
     3s_v    15   21   22
          inv. 180 deg rotation - cart. axis [0,1,0]             

   Cartesian axes

     site n.     atom                  positions (alat units)
         1        C      tau(   1) = (   0.0000000   0.0000000   0.0000000  )

   Crystallographic axes

     site n.     atom                  positions (cryst. coord.)
         1        C      tau(   1) = (  0.0000000  0.0000000  0.0000000  )

     number of k points=     5  Gaussian smearing, width (Ry)=  0.0050
                       cart. coord. in units 2pi/alat
        k(    1) = (   0.0000000   0.0000000   0.2500000), wk =   0.4000000
        k(    2) = (   0.6666667   0.0000000   0.2500000), wk =   0.4000000
        k(    3) = (   0.6666667   0.0000000   0.0000000), wk =   0.4000000
        k(    4) = (   0.5000000   0.2886751   0.2500000), wk =   0.4000000
        k(    5) = (   0.5000000   0.2886751   0.0000000), wk =   0.4000000

                       cryst. coord.
        k(    1) = (   0.0000000   0.0000000   0.5000000), wk =   0.4000000
        k(    2) = (   0.6666667  -0.3333333   0.5000000), wk =   0.4000000
        k(    3) = (   0.6666667  -0.3333333   0.0000000), wk =   0.4000000
        k(    4) = (   0.5000000   0.0000000   0.5000000), wk =   0.4000000
        k(    5) = (   0.5000000   0.0000000   0.0000000), wk =   0.4000000

     Dense  grid:     5189 G-vectors     FFT dimensions: (  18,  18,  36)

     Dynamical RAM for                 wfc:       0.06 MB

     Dynamical RAM for     wfc (w. buffer):       0.06 MB

     Dynamical RAM for           str. fact:       0.08 MB

     Dynamical RAM for           local pot:       0.00 MB

     Dynamical RAM for          nlocal pot:       0.08 MB

     Dynamical RAM for                qrad:       0.41 MB

     Dynamical RAM for          rho,v,vnew:       0.50 MB

     Dynamical RAM for           G-vectors:       0.34 MB

     Dynamical RAM for          h,s,v(r/c):       0.01 MB

     Dynamical RAM for          <psi|beta>:       0.00 MB

     Dynamical RAM for                 psi:       0.12 MB

     Dynamical RAM for                hpsi:       0.12 MB

     Dynamical RAM for      wfcinit/wfcrot:       0.12 MB

     Estimated static dynamical RAM per process >       2.07 MB

     Estimated max dynamical RAM per process >       2.32 MB

     The potential is recalculated from file :
     sweeps/HEX_4/HEX_01.save/charge-density

     Starting wfcs are    4 randomized atomic wfcs +    2 random wfcs

     Band Structure Calculation
     Davidson diagonalization with overlap

     Computing kpt #:     1  of     5
     total cpu time spent up to now is        0.2 secs

     Computing kpt #:     2  of     5
     total cpu time spent up to now is        0.4 secs

     Computing kpt #:     3  of     5
     total cpu time spent up to now is        0.6 secs

     Computing kpt #:     4  of     5
     total cpu time spent up to now is        0.8 secs

     Computing kpt #:     5  of     5
     total cpu time spent up to now is        1.0 secs

     ethr =  2.50E-10,  avg # of iterations = 17.0

     total cpu time spent up to now is        1.0 secs

     End of band structure calculation

          k = 0.0000 0.0000 0.2500 (   678 PWs)   bands (ev):

   -12.7321  -0.9466  19.5193  26.1150  27.4855  27.4855

          k = 0.6667 0.0000 0.2500 (   654 PWs)   bands (ev):

     3.1135   3.1135  10.9129  13.9979  27.8025  27.8025

          k = 0.6667 0.0000 0.0000 (   630 PWs)   bands (ev):

     3.0363   3.0363  10.5802  14.6289  31.9157  31.9157

          k = 0.5000 0.2887 0.2500 (   640 PWs)   bands (ev):

    -2.3866   5.0419  11.5620  20.2484  21.7690  34.0003

          k = 0.5000 0.2887 0.0000 (   640 PWs)   bands (ev):

    -2.4706   4.7412  12.4715  20.2295  25.8935  29.0556

     Writing all to output data dir sweeps/HEX_4/HEX_01.save/ :
     XML data file, pseudopotentials, collected wavefunctions
 
     init_run     :      2.50s CPU      0.08s WALL (       1 calls)
     electrons    :     45.03s CPU      0.86s WALL (       1 calls)

     Called by init_run:
     wfcinit      :      0.05s CPU      0.00s WALL (       1 calls)
     wfcinit:atom :      0.13s CPU      0.00s WALL (       5 calls)
     wfcinit:wfcr :      2.83s CPU      0.06s WALL (       5 calls)
     potinit      :      0.28s CPU      0.01s WALL (       1 calls)
     hinit0       :      2.16s CPU      0.07s WALL (       1 calls)

     Called by electrons:
     c_bands      :     45.03s CPU      0.86s WALL (       1 calls)
     v_of_rho     :      0.23s CPU      0.00s WALL (       1 calls)
     v_h          :      0.07s CPU      0.00s WALL (       1 calls)
     v_xc         :      0.16s CPU      0.00s WALL (       1 calls)

     Called by c_bands:
     init_us_2    :      0.14s CPU      0.00s WALL (       5 calls)
     cegterg      :     41.82s CPU      0.80s WALL (       6 calls)

     Called by sum_band:

     Called by *egterg:
     cdiaghg      :      0.39s CPU      0.01s WALL (      90 calls)
     cegterg:over :      0.21s CPU      0.00s WALL (      85 calls)
     cegterg:upda :      1.89s CPU      0.04s WALL (      85 calls)
     cegterg:last :      0.15s CPU      0.00s WALL (      59 calls)
     h_psi        :     37.48s CPU      0.72s WALL (      96 calls)
     g_psi        :      2.29s CPU      0.04s WALL (      85 calls)

     Called by h_psi:
     h_psi:calbec :      0.17s CPU      0.00s WALL (      96 calls)
     vloc_psi     :     34.86s CPU      0.67s WALL (      96 calls)
     add_vuspsi   :      0.17s CPU      0.00s WALL (      96 calls)

     General routines
     calbec       :      0.10s CPU      0.00s WALL (      96 calls)
     fft          :      0.80s CPU      0.02s WALL (      10 calls)
     fftw         :      9.98s CPU      0.19s WALL (     792 calls)
     davcio       :      0.02s CPU      0.00s WALL (      10 calls)
 
     Parallel routines
 
     PWSCF        :     49.15s CPU      1.00s WALL

 
   This run was terminated on:  11:40:34  17Jun2025            

=------------------------------------------------------------------------------=
   JOB DONE.
=------------------------------------------------------------------------------=
