
     Program PWSCF v.7.3.1 starts on 17Jun2025 at 11:40:47 

     This program is part of the open-source Quantum ESPRESSO suite
     for quantum simulation of materials; please cite
         "P. Giannozzi et al., J. Phys.:Condens. Matter 21 395502 (2009);
         "P. Giannozzi et al., J. Phys.:Condens. Matter 29 465901 (2017);
         "P. Giannozzi et al., J. Chem. Phys. 152 154105 (2020);
          URL http://www.quantum-espresso.org", 
     in publications or presentations arising from this work. More details at
     http://www.quantum-espresso.org/quote

     Parallel version (MPI & OpenMP), running on      96 processor cores
     Number of MPI processes:                 1
     Threads/MPI process:                    96

     MPI processes distributed on     1 nodes
     122433 MiB available memory on the printing compute node when the environment starts
 
     Waiting for input...
     Reading input from standard input
Warning: card &IONS ignored
Warning: card     ION_DYNAMICS = 'BFGS' ignored
Warning: card /&END ignored

     Current dimensions of program PWSCF are:
     Max number of different atomic species (ntypx) = 10
     Max number of k-points (npk) =  40000
     Max angular momentum in pseudopotentials (lmaxx) =  4

     Atomic positions and unit cell read from directory:
     sweeps/HEX_4/HEX_02.save/
 
 
     Subspace diagonalization in iterative solution of the eigenvalue problem:
     a serial algorithm will be used

 
     G-vector sticks info
     --------------------
     sticks:   dense  smooth     PW     G-vecs:    dense   smooth      PW
     Sum         859     859    253                41541    41541    6531
 
     Using Slab Decomposition
 


     bravais-lattice index     =            4
     lattice parameter (alat)  =       6.2832  a.u.
     unit-cell volume          =     429.6356 (a.u.)^3
     number of atoms/cell      =            1
     number of atomic types    =            1
     number of electrons       =         4.00
     number of Kohn-Sham states=            6
     kinetic-energy cutoff     =      80.0000  Ry
     charge density cutoff     =     320.0000  Ry
     Exchange-correlation= PBE
                           (   1   4   3   4   0   0   0)

     celldm(1)=   6.283185  celldm(2)=   0.000000  celldm(3)=   2.000000
     celldm(4)=   0.000000  celldm(5)=   0.000000  celldm(6)=   0.000000

     crystal axes: (cart. coord. in units of alat)
               a(1) = (   1.000000   0.000000   0.000000 )  
               a(2) = (  -0.500000   0.866025   0.000000 )  
               a(3) = (   0.000000   0.000000   2.000000 )  

     reciprocal axes: (cart. coord. in units 2 pi/alat)
               b(1) = (  1.000000  0.577350  0.000000 )  
               b(2) = (  0.000000  1.154701  0.000000 )  
               b(3) = (  0.000000  0.000000  0.500000 )  


     PseudoPot. # 1 for C  read from file:
     ./C_ONCV_PBE_sr.upf
     MD5 check sum: b68b6074392897e22e8b22f1bd7aa93e
     Pseudo is Norm-conserving, Zval =  4.0
     Generated using ONCVPSP code by D. R. Hamann
     Using radial grid of 1248 points,  4 beta functions with: 
                l(1) =   0
                l(2) =   0
                l(3) =   1
                l(4) =   1

     atomic species   valence    mass     pseudopotential
     C                 4.00    10.81100     C ( 1.00)

     24 Sym. Ops., with inversion, found


                                    s                        frac. trans.

      isym =  1     identity                                     

 cryst.   s( 1) = (     1          0          0      )
                  (     0          1          0      )
                  (     0          0          1      )

 cart.    s( 1) = (  1.0000000  0.0000000  0.0000000 )
                  (  0.0000000  1.0000000  0.0000000 )
                  (  0.0000000  0.0000000  1.0000000 )


      isym =  2     180 deg rotation - cart. axis [0,0,1]        

 cryst.   s( 2) = (    -1          0          0      )
                  (     0         -1          0      )
                  (     0          0          1      )

 cart.    s( 2) = ( -1.0000000  0.0000000  0.0000000 )
                  (  0.0000000 -1.0000000  0.0000000 )
                  (  0.0000000  0.0000000  1.0000000 )


      isym =  3     180 deg rotation - cart. axis [0,1,0]        

 cryst.   s( 3) = (    -1          0          0      )
                  (     1          1          0      )
                  (     0          0         -1      )

 cart.    s( 3) = ( -1.0000000  0.0000000  0.0000000 )
                  (  0.0000000  1.0000000  0.0000000 )
                  (  0.0000000  0.0000000 -1.0000000 )


      isym =  4     180 deg rotation - cart. axis [1,0,0]        

 cryst.   s( 4) = (     1          0          0      )
                  (    -1         -1          0      )
                  (     0          0         -1      )

 cart.    s( 4) = (  1.0000000  0.0000000  0.0000000 )
                  (  0.0000000 -1.0000000  0.0000000 )
                  (  0.0000000  0.0000000 -1.0000000 )


      isym =  5      60 deg rotation - cryst. axis [0,0,1]       

 cryst.   s( 5) = (     1          1          0      )
                  (    -1          0          0      )
                  (     0          0          1      )

 cart.    s( 5) = (  0.5000000 -0.8660254  0.0000000 )
                  (  0.8660254  0.5000000  0.0000000 )
                  (  0.0000000  0.0000000  1.0000000 )


      isym =  6      60 deg rotation - cryst. axis [0,0,-1]      

 cryst.   s( 6) = (     0         -1          0      )
                  (     1          1          0      )
                  (     0          0          1      )

 cart.    s( 6) = (  0.5000000  0.8660254  0.0000000 )
                  ( -0.8660254  0.5000000  0.0000000 )
                  (  0.0000000  0.0000000  1.0000000 )


      isym =  7     120 deg rotation - cryst. axis [0,0,1]       

 cryst.   s( 7) = (     0          1          0      )
                  (    -1         -1          0      )
                  (     0          0          1      )

 cart.    s( 7) = ( -0.5000000 -0.8660254  0.0000000 )
                  (  0.8660254 -0.5000000  0.0000000 )
                  (  0.0000000  0.0000000  1.0000000 )


      isym =  8     120 deg rotation - cryst. axis [0,0,-1]      

 cryst.   s( 8) = (    -1         -1          0      )
                  (     1          0          0      )
                  (     0          0          1      )

 cart.    s( 8) = ( -0.5000000  0.8660254  0.0000000 )
                  ( -0.8660254 -0.5000000  0.0000000 )
                  (  0.0000000  0.0000000  1.0000000 )


      isym =  9     180 deg rotation - cryst. axis [1,-1,0]      

 cryst.   s( 9) = (     0         -1          0      )
                  (    -1          0          0      )
                  (     0          0         -1      )

 cart.    s( 9) = (  0.5000000 -0.8660254  0.0000000 )
                  ( -0.8660254 -0.5000000  0.0000000 )
                  (  0.0000000  0.0000000 -1.0000000 )


      isym = 10     180 deg rotation - cryst. axis [2,1,0]       

 cryst.   s(10) = (     1          1          0      )
                  (     0         -1          0      )
                  (     0          0         -1      )

 cart.    s(10) = (  0.5000000  0.8660254  0.0000000 )
                  (  0.8660254 -0.5000000  0.0000000 )
                  (  0.0000000  0.0000000 -1.0000000 )


      isym = 11     180 deg rotation - cryst. axis [0,1,0]       

 cryst.   s(11) = (    -1         -1          0      )
                  (     0          1          0      )
                  (     0          0         -1      )

 cart.    s(11) = ( -0.5000000 -0.8660254  0.0000000 )
                  ( -0.8660254  0.5000000  0.0000000 )
                  (  0.0000000  0.0000000 -1.0000000 )


      isym = 12     180 deg rotation - cryst. axis [1,1,0]       

 cryst.   s(12) = (     0          1          0      )
                  (     1          0          0      )
                  (     0          0         -1      )

 cart.    s(12) = ( -0.5000000  0.8660254  0.0000000 )
                  (  0.8660254  0.5000000  0.0000000 )
                  (  0.0000000  0.0000000 -1.0000000 )


      isym = 13     inversion                                    

 cryst.   s(13) = (    -1          0          0      )
                  (     0         -1          0      )
                  (     0          0         -1      )

 cart.    s(13) = ( -1.0000000  0.0000000  0.0000000 )
                  (  0.0000000 -1.0000000  0.0000000 )
                  (  0.0000000  0.0000000 -1.0000000 )


      isym = 14     inv. 180 deg rotation - cart. axis [0,0,1]   

 cryst.   s(14) = (     1          0          0      )
                  (     0          1          0      )
                  (     0          0         -1      )

 cart.    s(14) = (  1.0000000  0.0000000  0.0000000 )
                  (  0.0000000  1.0000000  0.0000000 )
                  (  0.0000000  0.0000000 -1.0000000 )


      isym = 15     inv. 180 deg rotation - cart. axis [0,1,0]   

 cryst.   s(15) = (     1          0          0      )
                  (    -1         -1          0      )
                  (     0          0          1      )

 cart.    s(15) = (  1.0000000  0.0000000  0.0000000 )
                  (  0.0000000 -1.0000000  0.0000000 )
                  (  0.0000000  0.0000000  1.0000000 )


      isym = 16     inv. 180 deg rotation - cart. axis [1,0,0]   

 cryst.   s(16) = (    -1          0          0      )
                  (     1          1          0      )
                  (     0          0          1      )

 cart.    s(16) = ( -1.0000000  0.0000000  0.0000000 )
                  (  0.0000000  1.0000000  0.0000000 )
                  (  0.0000000  0.0000000  1.0000000 )


      isym = 17     inv.  60 deg rotation - cryst. axis [0,0,1]  

 cryst.   s(17) = (    -1         -1          0      )
                  (     1          0          0      )
                  (     0          0         -1      )

 cart.    s(17) = ( -0.5000000  0.8660254  0.0000000 )
                  ( -0.8660254 -0.5000000  0.0000000 )
                  (  0.0000000  0.0000000 -1.0000000 )


      isym = 18     inv.  60 deg rotation - cryst. axis [0,0,-1] 

 cryst.   s(18) = (     0          1          0      )
                  (    -1         -1          0      )
                  (     0          0         -1      )

 cart.    s(18) = ( -0.5000000 -0.8660254  0.0000000 )
                  (  0.8660254 -0.5000000  0.0000000 )
                  (  0.0000000  0.0000000 -1.0000000 )


      isym = 19     inv. 120 deg rotation - cryst. axis [0,0,1]  

 cryst.   s(19) = (     0         -1          0      )
                  (     1          1          0      )
                  (     0          0         -1      )

 cart.    s(19) = (  0.5000000  0.8660254  0.0000000 )
                  ( -0.8660254  0.5000000  0.0000000 )
                  (  0.0000000  0.0000000 -1.0000000 )


      isym = 20     inv. 120 deg rotation - cryst. axis [0,0,-1] 

 cryst.   s(20) = (     1          1          0      )
                  (    -1          0          0      )
                  (     0          0         -1      )

 cart.    s(20) = (  0.5000000 -0.8660254  0.0000000 )
                  (  0.8660254  0.5000000  0.0000000 )
                  (  0.0000000  0.0000000 -1.0000000 )


      isym = 21     inv. 180 deg rotation - cryst. axis [1,-1,0] 

 cryst.   s(21) = (     0          1          0      )
                  (     1          0          0      )
                  (     0          0          1      )

 cart.    s(21) = ( -0.5000000  0.8660254  0.0000000 )
                  (  0.8660254  0.5000000  0.0000000 )
                  (  0.0000000  0.0000000  1.0000000 )


      isym = 22     inv. 180 deg rotation - cryst. axis [2,1,0]  

 cryst.   s(22) = (    -1         -1          0      )
                  (     0          1          0      )
                  (     0          0          1      )

 cart.    s(22) = ( -0.5000000 -0.8660254  0.0000000 )
                  ( -0.8660254  0.5000000  0.0000000 )
                  (  0.0000000  0.0000000  1.0000000 )


      isym = 23     inv. 180 deg rotation - cryst. axis [0,1,0]  

 cryst.   s(23) = (     1          1          0      )
                  (     0         -1          0      )
                  (     0          0          1      )

 cart.    s(23) = (  0.5000000  0.8660254  0.0000000 )
                  (  0.8660254 -0.5000000  0.0000000 )
                  (  0.0000000  0.0000000  1.0000000 )


      isym = 24     inv. 180 deg rotation - cryst. axis [1,1,0]  

 cryst.   s(24) = (     0         -1          0      )
                  (    -1          0          0      )
                  (     0          0          1      )

 cart.    s(24) = (  0.5000000 -0.8660254  0.0000000 )
                  ( -0.8660254 -0.5000000  0.0000000 )
                  (  0.0000000  0.0000000  1.0000000 )


     point group D_6h(6/mmm)
     there are 12 classes
     the character table:

       E     2C6   2C3   C2    3C2'  3C2'' i     2S3   2S6   s_h   3s_d  3s_v 
A_1g   1.00  1.00  1.00  1.00  1.00  1.00  1.00  1.00  1.00  1.00  1.00  1.00
A_2g   1.00  1.00  1.00  1.00 -1.00 -1.00  1.00  1.00  1.00  1.00 -1.00 -1.00
B_1g   1.00 -1.00  1.00 -1.00  1.00 -1.00  1.00 -1.00  1.00 -1.00  1.00 -1.00
B_2g   1.00 -1.00  1.00 -1.00 -1.00  1.00  1.00 -1.00  1.00 -1.00 -1.00  1.00
E_1g   2.00  1.00 -1.00 -2.00  0.00  0.00  2.00  1.00 -1.00 -2.00  0.00  0.00
E_2g   2.00 -1.00 -1.00  2.00  0.00  0.00  2.00 -1.00 -1.00  2.00  0.00  0.00
A_1u   1.00  1.00  1.00  1.00  1.00  1.00 -1.00 -1.00 -1.00 -1.00 -1.00 -1.00
A_2u   1.00  1.00  1.00  1.00 -1.00 -1.00 -1.00 -1.00 -1.00 -1.00  1.00  1.00
B_1u   1.00 -1.00  1.00 -1.00  1.00 -1.00 -1.00  1.00 -1.00  1.00 -1.00  1.00
B_2u   1.00 -1.00  1.00 -1.00 -1.00  1.00 -1.00  1.00 -1.00  1.00  1.00 -1.00
E_1u   2.00  1.00 -1.00 -2.00  0.00  0.00 -2.00 -1.00  1.00  2.00  0.00  0.00
E_2u   2.00 -1.00 -1.00  2.00  0.00  0.00 -2.00  1.00  1.00 -2.00  0.00  0.00

     the symmetry operations in each class and the name of the first element:

     E        1
          identity                                               
     2C6      5    6
           60 deg rotation - cryst. axis [0,0,1]                 
     2C3      7    8
          120 deg rotation - cryst. axis [0,0,1]                 
     C2       2
          180 deg rotation - cart. axis [0,0,1]                  
     3C2'     4   12   11
          180 deg rotation - cart. axis [1,0,0]                  
     3C2''    3    9   10
          180 deg rotation - cart. axis [0,1,0]                  
     i       13
          inversion                                              
     2S3     17   18
          inv.  60 deg rotation - cryst. axis [0,0,1]            
     2S6     19   20
          inv. 120 deg rotation - cryst. axis [0,0,1]            
     s_h     14
          inv. 180 deg rotation - cart. axis [0,0,1]             
     3s_d    16   24   23
          inv. 180 deg rotation - cart. axis [1,0,0]             
     3s_v    15   21   22
          inv. 180 deg rotation - cart. axis [0,1,0]             

   Cartesian axes

     site n.     atom                  positions (alat units)
         1        C      tau(   1) = (   0.0000000   0.0000000   0.0000000  )

   Crystallographic axes

     site n.     atom                  positions (cryst. coord.)
         1        C      tau(   1) = (  0.0000000  0.0000000  0.0000000  )

     number of k points=     5  Gaussian smearing, width (Ry)=  0.0050
                       cart. coord. in units 2pi/alat
        k(    1) = (   0.0000000   0.0000000   0.2500000), wk =   0.4000000
        k(    2) = (   0.6666667   0.0000000   0.2500000), wk =   0.4000000
        k(    3) = (   0.6666667   0.0000000   0.0000000), wk =   0.4000000
        k(    4) = (   0.5000000   0.2886751   0.2500000), wk =   0.4000000
        k(    5) = (   0.5000000   0.2886751   0.0000000), wk =   0.4000000

                       cryst. coord.
        k(    1) = (   0.0000000   0.0000000   0.5000000), wk =   0.4000000
        k(    2) = (   0.6666667  -0.3333333   0.5000000), wk =   0.4000000
        k(    3) = (   0.6666667  -0.3333333   0.0000000), wk =   0.4000000
        k(    4) = (   0.5000000   0.0000000   0.5000000), wk =   0.4000000
        k(    5) = (   0.5000000   0.0000000   0.0000000), wk =   0.4000000

     Dense  grid:    41541 G-vectors     FFT dimensions: (  36,  36,  72)

     Dynamical RAM for                 wfc:       0.48 MB

     Dynamical RAM for     wfc (w. buffer):       0.48 MB

     Dynamical RAM for           str. fact:       0.63 MB

     Dynamical RAM for           local pot:       0.00 MB

     Dynamical RAM for          nlocal pot:       0.63 MB

     Dynamical RAM for                qrad:       0.41 MB

     Dynamical RAM for          rho,v,vnew:       4.04 MB

     Dynamical RAM for           G-vectors:       2.69 MB

     Dynamical RAM for          h,s,v(r/c):       0.01 MB

     Dynamical RAM for          <psi|beta>:       0.00 MB

     Dynamical RAM for                 psi:       0.95 MB

     Dynamical RAM for                hpsi:       0.95 MB

     Dynamical RAM for      wfcinit/wfcrot:       0.95 MB

     Estimated static dynamical RAM per process >      13.71 MB

     Estimated max dynamical RAM per process >      15.62 MB

 %%%%%%%%%%%%%%%%%%%%%%%%%%%%%%%%%%%%%%%%%%%%%%%%%%%%%%%%%%%%%%%%%%%%%%%%%%%%%%
     Error in routine sym_rho_init_shell (5):
     lone vector
 %%%%%%%%%%%%%%%%%%%%%%%%%%%%%%%%%%%%%%%%%%%%%%%%%%%%%%%%%%%%%%%%%%%%%%%%%%%%%%

     stopping ...
